1.982172608375549316e+00
2.543473720550537109e+00
2.251993656158447266e+00
2.088932752609252930e+00
2.234290838241577148e+00
2.380921602249145508e+00
2.715867042541503906e+00
2.762906312942504883e+00
1.807127475738525391e+00
2.670169591903686523e+00
2.678745985031127930e+00
2.756129026412963867e+00
2.187319993972778320e+00
2.372451066970825195e+00
2.422495365142822266e+00
2.313689470291137695e+00
2.329093456268310547e+00
2.839202404022216797e+00
2.432580709457397461e+00
2.409310579299926758e+00
2.594989776611328125e+00
2.591020107269287109e+00
2.505433797836303711e+00
2.633589029312133789e+00
2.723443031311035156e+00
2.948894023895263672e+00
2.574725866317749023e+00
2.805278539657592773e+00
2.455573320388793945e+00
2.672347784042358398e+00
2.843307018280029297e+00
3.003196239471435547e+00
3.001430749893188477e+00
3.233487844467163086e+00
2.781199455261230469e+00
2.243652105331420898e+00
2.359374046325683594e+00
2.656351089477539062e+00
2.172930955886840820e+00
2.837079286575317383e+00
2.819851160049438477e+00
2.231739759445190430e+00
2.957562446594238281e+00
2.750240087509155273e+00
2.344005346298217773e+00
2.279290914535522461e+00
2.282610177993774414e+00
2.252906799316406250e+00
2.279824256896972656e+00
2.357362508773803711e+00
2.268969058990478516e+00
2.272893667221069336e+00
2.124312162399291992e+00
2.745919227600097656e+00
2.684270858764648438e+00
2.898638963699340820e+00
2.866986989974975586e+00
2.295436859130859375e+00
2.933014631271362305e+00
3.004698514938354492e+00
3.183177471160888672e+00
3.104577541351318359e+00
3.106969356536865234e+00
2.826083183288574219e+00
2.646640777587890625e+00
2.714797258377075195e+00
2.758210897445678711e+00
2.726141691207885742e+00
2.903832435607910156e+00
2.866440773010253906e+00
2.615425348281860352e+00
2.506533384323120117e+00
2.677160978317260742e+00
2.760047912597656250e+00
2.626249551773071289e+00
2.712049245834350586e+00
2.679218530654907227e+00
2.799044132232666016e+00
2.716814994812011719e+00
2.790403366088867188e+00
2.582937717437744141e+00
2.566313266754150391e+00
2.563453435897827148e+00
2.612974643707275391e+00
2.527024745941162109e+00
2.562843084335327148e+00
2.463381528854370117e+00
2.775159358978271484e+00
2.556723117828369141e+00
2.631465435028076172e+00
2.852759838104248047e+00
2.973728179931640625e+00
2.472271919250488281e+00
3.031167745590209961e+00
2.392944097518920898e+00
2.706732988357543945e+00
2.750805377960205078e+00
2.814403295516967773e+00
2.790030002593994141e+00
2.821417570114135742e+00
2.916390419006347656e+00
2.754545450210571289e+00
2.590750455856323242e+00
2.619059562683105469e+00
2.730968713760375977e+00
3.443749189376831055e+00
2.939862489700317383e+00
2.974358081817626953e+00
3.303370475769042969e+00
3.207379579544067383e+00
3.133839607238769531e+00
3.746550798416137695e+00
2.916363239288330078e+00
2.823098421096801758e+00
2.856410264968872070e+00
2.577360868453979492e+00
2.445104598999023438e+00
2.666296720504760742e+00
2.026936292648315430e+00
2.764557838439941406e+00
2.399063587188720703e+00
3.318208217620849609e+00
3.232017993927001953e+00
2.672313451766967773e+00
2.957880973815917969e+00
2.946077346801757812e+00
2.867969036102294922e+00
2.894559144973754883e+00
2.744289636611938477e+00
2.828157663345336914e+00
3.268079042434692383e+00
3.110990524291992188e+00
2.947833061218261719e+00
2.930505514144897461e+00
3.002621173858642578e+00
2.915639162063598633e+00
2.806844711303710938e+00
2.731158494949340820e+00
2.725191354751586914e+00
2.661289215087890625e+00
2.509030580520629883e+00
2.361530065536499023e+00
2.578827619552612305e+00
2.515352249145507812e+00
2.470671415328979492e+00
2.535222291946411133e+00
2.731475353240966797e+00
2.645975351333618164e+00
2.610166311264038086e+00
2.675270557403564453e+00
2.580602169036865234e+00
2.207717418670654297e+00
2.536127567291259766e+00
2.627608299255371094e+00
2.614222526550292969e+00
2.559914827346801758e+00
2.610970020294189453e+00
2.447955846786499023e+00
2.474856376647949219e+00
2.559847354888916016e+00
2.563691139221191406e+00
2.897540092468261719e+00
3.024016141891479492e+00
3.141139030456542969e+00
2.858519315719604492e+00
3.063639163970947266e+00
3.316808938980102539e+00
2.874492406845092773e+00
2.814107418060302734e+00
2.437111377716064453e+00
2.554357051849365234e+00
3.214954376220703125e+00
2.681466102600097656e+00
2.640712499618530273e+00
2.898412942886352539e+00
2.870235443115234375e+00
2.963294982910156250e+00
2.798484563827514648e+00
3.127278566360473633e+00
3.255115032196044922e+00
