1.547734975814819336e+00
1.501018166542053223e+00
1.487970709800720215e+00
1.504823207855224609e+00
1.480161070823669434e+00
1.449458479881286621e+00
1.427097916603088379e+00
1.619678974151611328e+00
1.545536160469055176e+00
1.381892800331115723e+00
1.352451562881469727e+00
1.324276447296142578e+00
1.507726550102233887e+00
1.700128912925720215e+00
1.393961787223815918e+00
1.476710438728332520e+00
1.391317248344421387e+00
1.342980146408081055e+00
1.434888005256652832e+00
1.402435302734375000e+00
1.391669750213623047e+00
1.377525568008422852e+00
1.484218835830688477e+00
1.741813063621520996e+00
1.264560699462890625e+00
1.208835482597351074e+00
1.293645381927490234e+00
1.293144345283508301e+00
1.279437780380249023e+00
1.340888857841491699e+00
1.385678410530090332e+00
1.309744000434875488e+00
1.393510937690734863e+00
1.395842075347900391e+00
1.338089942932128906e+00
1.470615148544311523e+00
1.285430312156677246e+00
1.245246887207031250e+00
1.284717559814453125e+00
1.424458742141723633e+00
1.258507132530212402e+00
1.267451047897338867e+00
1.290238261222839355e+00
1.224532842636108398e+00
1.238907933235168457e+00
1.312400698661804199e+00
1.337646842002868652e+00
1.420628070831298828e+00
1.336516857147216797e+00
1.355805993080139160e+00
1.439361333847045898e+00
1.373407602310180664e+00
1.541067123413085938e+00
1.425764203071594238e+00
1.368393182754516602e+00
1.317051291465759277e+00
1.160625934600830078e+00
1.220371961593627930e+00
1.125092267990112305e+00
1.226218342781066895e+00
1.141797065734863281e+00
1.182337999343872070e+00
1.217888832092285156e+00
1.176087141036987305e+00
1.218938708305358887e+00
1.394249558448791504e+00
1.255198836326599121e+00
1.243047952651977539e+00
1.162456750869750977e+00
1.186858415603637695e+00
1.187165379524230957e+00
1.198886990547180176e+00
1.300091743469238281e+00
1.266124844551086426e+00
1.301387190818786621e+00
1.238006711006164551e+00
1.200410485267639160e+00
1.262586236000061035e+00
1.349804043769836426e+00
1.336520552635192871e+00
1.350420951843261719e+00
1.280935406684875488e+00
1.272794127464294434e+00
1.207824468612670898e+00
1.244005203247070312e+00
1.221206307411193848e+00
1.188762664794921875e+00
1.148577213287353516e+00
1.220519900321960449e+00
1.176675796508789062e+00
1.195926666259765625e+00
1.255409121513366699e+00
1.197047472000122070e+00
1.215581655502319336e+00
1.392538785934448242e+00
1.311366200447082520e+00
1.290229320526123047e+00
1.219820380210876465e+00
1.317221760749816895e+00
1.292856931686401367e+00
1.376543164253234863e+00
1.374580860137939453e+00
1.320487976074218750e+00
1.473780035972595215e+00
1.335890293121337891e+00
1.172062754631042480e+00
1.272237777709960938e+00
1.198223710060119629e+00
1.108330845832824707e+00
1.410786628723144531e+00
1.217891573905944824e+00
1.106554746627807617e+00
1.255082964897155762e+00
1.188296079635620117e+00
1.241051673889160156e+00
1.284894227981567383e+00
1.347434043884277344e+00
1.346662998199462891e+00
1.717038869857788086e+00
1.281197547912597656e+00
1.379199147224426270e+00
1.135840654373168945e+00
1.157247066497802734e+00
1.514325380325317383e+00
1.312314152717590332e+00
1.300241112709045410e+00
1.257232189178466797e+00
1.241758346557617188e+00
1.325778484344482422e+00
1.274744033813476562e+00
1.081200122833251953e+00
1.193469882011413574e+00
1.223271846771240234e+00
1.206701159477233887e+00
1.216827511787414551e+00
1.229447364807128906e+00
1.240489840507507324e+00
1.300864458084106445e+00
1.360991954803466797e+00
1.363250851631164551e+00
1.353450775146484375e+00
1.346841335296630859e+00
1.275226950645446777e+00
1.342955470085144043e+00
1.339689612388610840e+00
1.341052651405334473e+00
1.258697509765625000e+00
1.234688043594360352e+00
1.252689480781555176e+00
1.287189602851867676e+00
1.258337616920471191e+00
1.402742147445678711e+00
1.411819577217102051e+00
1.380653262138366699e+00
1.201189756393432617e+00
1.398787498474121094e+00
1.333737134933471680e+00
1.371517777442932129e+00
1.371370196342468262e+00
1.349197745323181152e+00
1.312465071678161621e+00
1.261735916137695312e+00
1.396023869514465332e+00
1.200278043746948242e+00
1.159363389015197754e+00
1.424585819244384766e+00
1.208287835121154785e+00
1.324751019477844238e+00
1.297453284263610840e+00
1.235460519790649414e+00
1.239714741706848145e+00
1.131406545639038086e+00
1.556472539901733398e+00
1.622358322143554688e+00
1.391961932182312012e+00
1.224119544029235840e+00
1.260678887367248535e+00
1.165834426879882812e+00
1.191586613655090332e+00
1.117066383361816406e+00
